---------- Linear Reg ----------
C: 0.01, Recall: 0.8436578171091446
[[6610 3051]
 [  53  286]]
C: 0.01, Recall: 0.8082595870206489
[[6391 3270]
 [  65  274]]
C: 0.01, Recall: 0.8082595870206489
[[6648 3013]
 [  65  274]]
C: 0.01, Recall: 0.8407079646017699
[[6468 3193]
 [  54  285]]
C: 0.01, Recall: 0.831858407079646
[[6385 3276]
 [  57  282]]
C: 0.01, Recall: 0.831858407079646
[[6638 3023]
 [  57  282]]
C: 0.01, Recall: 0.8525073746312685
[[6687 2974]
 [  50  289]]
C: 0.01, Recall: 0.831858407079646
[[6757 2904]
 [  57  282]]
C: 0.01, Recall: 0.7905604719764012
[[6848 2813]
 [  71  268]]
C: 0.01, Recall: 0.8230088495575221
[[6475 3186]
 [  60  279]]
C: 0.01, Recall: 0.8200589970501475
[[6714 2947]
 [  61  278]]
C: 0.01, Recall: 0.8141592920353983
[[6705 2956]
 [  63  276]]
C: 0.01, Recall: 0.8495575221238938
[[6237 3424]
 [  51  288]]
C: 0.01, Recall: 0.8672566371681416
[[6443 3218]
 [  45  294]]
C: 0.01, Recall: 0.8230088495575221
[[6512 3149]
 [  60  279]]
C: 0.01, Recall: 0.8495575221238938
[[6122 3539]
 [  51  288]]
C: 0.01, Recall: 0.8023598820058997
[[6550 3111]
 [  67  272]]
C: 0.01, Recall: 0.8525073746312685
[[6301 3360]
 [  50  289]]
C: 0.01, Recall: 0.831858407079646
[[6595 3066]
 [  57  282]]
C: 0.01, Recall: 0.8053097345132744
[[6700 2961]
 [  66  273]]
Mean confusion matrix:
[[6539.3 3121.7]
 [  58.   281. ]]
Mean recall: 0.8289085545722713
---------- NN ----------
Dims: [100, 100, 10], Recall: 0.9734513274336283
[[8601 1060]
 [   9  330]]
Dims: [100, 100, 10], Recall: 0.9528023598820059
[[8517 1144]
 [  16  323]]
Dims: [100, 100, 10], Recall: 0.9528023598820059
[[8478 1183]
 [  16  323]]
Dims: [100, 100, 10], Recall: 0.9616519174041298
[[8742  919]
 [  13  326]]
Dims: [100, 100, 10], Recall: 0.967551622418879
[[8643 1018]
 [  11  328]]
Dims: [100, 100, 10], Recall: 0.9705014749262537
[[8441 1220]
 [  10  329]]
Dims: [100, 100, 10], Recall: 0.967551622418879
[[8472 1189]
 [  11  328]]
Dims: [100, 100, 10], Recall: 0.9705014749262537
[[8416 1245]
 [  10  329]]
Dims: [100, 100, 10], Recall: 0.9646017699115044
[[8585 1076]
 [  12  327]]
Dims: [100, 100, 10], Recall: 0.9646017699115044
[[8296 1365]
 [  12  327]]
Dims: [100, 100, 10], Recall: 0.9646017699115044
[[8513 1148]
 [  12  327]]
Dims: [100, 100, 10], Recall: 0.9616519174041298
[[8390 1271]
 [  13  326]]
Dims: [100, 100, 10], Recall: 0.9734513274336283
[[8160 1501]
 [   9  330]]
Dims: [100, 100, 10], Recall: 0.976401179941003
[[8481 1180]
 [   8  331]]
Dims: [100, 100, 10], Recall: 0.9557522123893806
[[8445 1216]
 [  15  324]]
Dims: [100, 100, 10], Recall: 0.9705014749262537
[[8582 1079]
 [  10  329]]
Dims: [100, 100, 10], Recall: 0.9587020648967551
[[8597 1064]
 [  14  325]]
Dims: [100, 100, 10], Recall: 0.9705014749262537
[[8422 1239]
 [  10  329]]
Dims: [100, 100, 10], Recall: 0.9705014749262537
[[8434 1227]
 [  10  329]]
Dims: [100, 100, 10], Recall: 0.9793510324483776
[[8505 1156]
 [   7  332]]
Mean confusion matrix:
[[8486.  1175. ]
 [  11.4  327.6]]
Mean recall: 0.9663716814159292
